1000000000000000000000000000000000
0000000000000000000000000000000001
0000000000000000000000000000000001
0000000000000000000000000000000010
0000000000000000000000000000000011
0000000000000000000000000000000101
0000000000000000000000000000001000
0000000000000000000000000000001101
0000000000000000000000000000010101
0000000000000000000000000000100010
0000000000000000000000000000110111
0000000000000000000000000001011001
0000000000000000000000000010010000
0000000000000000000000000011101001
0000000000000000000000000101111001
0000000000000000000000001001100010
0000000000000000000000001111011011
0000000000000000000000011000111101
0000000000000000000000101000011000
0000000000000000000001000001010101
0000000000000000000001101001101101
0000000000000000000010101011000010
0000000000000000000100010100101111
0000000000000000000110111111110001
0000000000000000001011010100100000
0000000000000000000010010100010001
0000000000000000000000000000000001
0000000000000000000000000000000001
0000000000000000000000000000000010
0000000000000000000000000000000011
0000000000000000000000000000000101
0000000000000000000000000000001000